02,05,00;04;0000;01;00;
01,03,05,06,00;05;0000;01;00;
02,04,06,08,10,00;04;0000;01;00;
03,08,00;03;0000;01;00;
01,02,06,07,00;04;0000;08;00;
02,03,05,07,09,10,00;05;0000;01;00;
05,06,09,00;06;0000;08;00;
03,04,10,00;05;0000;01;00;
06,07,10,11,12,00;07;0000;06;00;
03,06,08,09,11,15,16,26,00;15;0000;02;00;
09,10,13,15,00;03;0000;02;00;
09,13,00;06;0000;06;00;
09,11,12,14,15,16,17,18,00;10;0000;06;00;
13,00;04;0000;06;00;
10,11,13,16,00;09;0000;04;00;
10,13,15,17,19,21,24,25,26,00;14;0000;04;00;
13,16,18,19,00;07;0000;11;00;
13,17,19,20,22,00;12;0000;06;00;
16,17,18,20,21,00;10;0000;11;00;
18,19,21,22,23,00;11;0000;03;00;
16,17,19,20,23,24,00;05;0000;04;00;
18,20,23,35,37,00;08;0000;09;00;
20,21,22,24,34,35,00;07;0000;03;00;
16,21,23,25,27,34,00;11;0000;05;00;
16,24,26,27,28,00;07;0000;04;00;
10,16,25,28,29,00;08;0000;02;00;
24,25,28,29,30,34,00;09;0000;03;00;
25,26,27,29,00;04;0000;02;00;
26,27,28,30,31,00;15;0000;12;00;
27,29,31,33,34,00;13;0000;03;00;
29,30,32,33,00;14;0000;12;00;
31,33,38,00;10;0000;10;00;
30,31,32,34,36,38,00;12;0000;03;00;
23,24,27,30,33,35,36,00;09;0000;03;00;
22,23,34,36,37,00;05;0000;03;00;
33,34,35,37,38,39,00;14;0000;10;00;
22,35,36,39,40,00;08;0000;09;00;
32,33,36,39,42,00;11;0000;10;00;
36,37,38,40,42,00;09;0000;10;00;
37,39,41,42,43,00;15;0000;07;00;
40,42,43,00;04;0000;07;00;
38,39,40,41,43,00;11;0000;07;00;
40,41,42,00;08;0000;07;00;
to;001,
0000,000000,0000,
0000,000000,0000,
0000,000000,0000,
0000,000000,0000,
0000,000000,0000,
0000,000000,0000,
0000,000000,0000,
0000,000000,0000,
0000,000000,0000,
0000,000000,0000,
0000,000000,0000,
0000,000000,0000,
no;00;






